´Eøº¬è¤$ zøxËEØø`pà:I,45;40;42;0;0;28;27;27;Corridor4
45;38;42;0;0;30;29;29;Corridor4
66;45;46;0;0;29;29;29;Corridor4
50;39;37;0;0;24;24;26;Corridor4
67;42;34;0;0;26;24;26;Corridor4
67;38;34;0;0;29;28;27;Corridor4
67;31;28;0;0;24;24;23;Corridor4
36;32;46;0;0;24;20;23;Corridor4
36;33;48;0;0;24;20;23;Corridor4
45;31;47;0;0;20;19;19;Corridor4
40;32;33;0;0;20;21;23;Corridor4
35;31;26;0;0;20;23;23;Corridor4
34;23;35;0;0;20;23;23;Corridor4
26;19;28;0;16;20;23;23;Corridor4
21;19;26;0;17;20;23;23;Corridor4
31;20;27;0;21;20;23;12;Corridor4
33;24;19;0;21;20;23;12;Corridor4
33;18;14;0;21;20;23;12;Corridor4
33;15;17;0;24;20;23;12;Corridor4
32;24;25;0;24;9;23;13;Corridor4
32;16;26;0;20;9;23;11;Corridor4
32;20;23;0;23;9;23;11;Corridor4
32;22;28;0;12;9;23;11;Corridor4
30;31;33;0;12;9;11;11;Corridor4
34;27;35;0;17;9;16;18;Corridor4
33;21;37;0;21;9;16;17;Corridor4
35;33;40;0;28;9;16;17;Corridor4
34;27;39;0;24;9;25;17;Corridor4
40;41;46;0;32;9;25;17;Corridor4
36;34;45;0;23;17;25;17;Corridor4
38;33;42;0;25;17;18;22;Corridor4
31;31;34;0;18;12;18;22;Corridor4
31;32;25;0;21;17;18;22;Corridor4
31;30;20;0;20;17;18;13;Corridor4
26;20;29;0;20;17;18;13;Corridor4
26;23;28;0;20;17;18;13;Corridor4
